 1.52949E-04
 2.89218E-04
 2.96868E-04
 2.90982E-04
 3.06379E-04
 3.14843E-04
 3.73247E-04
 4.64774E-04
 5.15954E-04
 5.98863E-04
 7.90613E-04
 1.09263E-03
 1.59228E-03
 2.46702E-03
 4.01517E-03
 6.49414E-03
 1.05257E-02
 1.74174E-02
 2.95029E-02
 5.02291E-02
 8.50487E-02
 0.143428
 0.242734
 0.411845
 0.695799
 1.16319
 1.91644
 3.08958
 4.78236
 6.87105
 8.74326
 9.18982
 8.13201
 7.79429
 8.46782
 8.23378
 6.28462
 4.83714
 5.12668
 6.85727
 8.73294
 9.91129
 9.51146
 7.17831
 5.79032
 6.40896
 6.90531
 5.86717
 4.65192
 3.6334
 4.53987
 6.8538
 7.36987
 6.37824
 5.89976
 5.48566
 4.76738
 4.79336
 4.99677
 4.7218
 4.14274
 3.64215
 3.18658
 3.24006
 3.97904
 3.85404
 3.59618
 3.87514
 4.384
 4.13557
 3.89544
 3.17168
 2.96289
 3.44016
 3.93073
 3.50237
 2.84166
 2.56166
 2.97631
 3.41659
 3.41802
 3.64385
 3.63212
 3.46627
 3.56035
 3.69752
 3.41975
 3.19282
 2.73409
 2.32488
 2.33731
 2.27237
 2.23908
 2.14161
 2.25151
 2.25767
 2.26965
 2.08679
 1.68493
 1.32605
 1.27484
 1.34944
 1.28263
 1.12027
 1.31356
 1.68192
 1.68148
 1.61918
 2.08718
 2.36328
 2.1586
 2.00166
 1.97296
 2.05423
 1.82701
 1.64454
 1.66156
 1.63289
 1.58739
 1.70978
 1.65881
 1.33258
 1.56372
 1.75522
 1.69691
 1.84255
 1.88538
 1.64684
 1.36491
 1.33426
 1.4817
 1.42753
 1.49328
 1.3326
 1.06995
 1.06385
 1.14142
 1.22158
 1.31006
 1.37989
 1.27147
 1.22539
 1.49694
 1.73146
 1.49657
 1.24824
 1.22128
 1.2582
 1.2692
 1.51857
 1.65831
 1.60733
 1.40956
 1.30772
 1.30554
 1.48208
 1.52634
 1.57154
 1.68795
 1.74382
 1.55017
 1.45164
 1.31507
 1.23156
 1.16843
 1.09892
 1.01059
 0.927201
 1.10759
 1.28682
 1.32986
 1.26595
 1.24849
 1.32906
 1.24075
 1.10502
 1.12136
 1.24164
 1.21203
 1.10612
 1.05146
 1.02536
 0.913927
 0.939197
 1.02112
 0.992158
 0.934611
 0.980756
 1.06247
 1.05223
 1.02987
 1.01454
 0.94846
 0.933934
 0.982875
 0.940042
 0.910676
 1.08329
 1.09822
 0.849457
 0.918825
 1.09311
 0.982344
 0.872896
 0.978204
 1.15108
 1.18614
 1.19898
 1.24925
 1.12891
 1.00514
 1.01976
 1.09751
 1.32759
 1.34916
 1.12114
 0.991726
 1.01647
 1.05417
 1.02822
 1.01246
 1.02026
 1.03153
 1.06187
 0.986339
 0.983023
 0.972996
 1.11492
 1.16336
 1.18324
 1.22131
 1.16297
 1.01613
 0.94149
 1.03898
 1.08269
 0.992896
 1.04277
 1.13725
 1.08755
 1.00055
 0.95875
 0.931538
 1.01382
 1.09831
 1.08096
 0.989983
 0.911879
 0.914325
 0.969195
 1.00267
 1.00262
 0.893251
 0.8456
 0.845395
 0.841681
 0.836683
 0.780965
 0.759046
 0.73854
 0.791623
 0.830609
 0.777158
 0.776115
 0.738557
 0.756171
 0.728909
 0.755674
 0.831294
 0.854516
 0.814993
 0.818799
 0.875767
 0.943352
 0.945824
 0.965221
 1.05401
 1.13671
 1.18485
 1.19206
 1.20312
 1.2593
 1.2865
 1.30192
 1.24965
 1.24699
 1.22591
 1.214
 1.20452
 1.21616
 1.23191
 1.14928
 1.07752
 1.03434
 1.05126
 1.03411
 0.993661
 0.996557
 1.0524
 0.979676
 0.856425
 0.818852
 0.767972
 0.680747
 0.64497
 0.605194
 0.587349
 0.566365
 0.604926
 0.568378
 0.542688
 0.526648
 0.514826
 0.56107
 0.610435
 0.581725
 0.652731
 0.836877
 0.968074
 0.935329
 0.834517
 0.765713
 0.780661
 0.87326
 0.947452
 1.012
 1.07345
 1.0484
 1.07168
 1.10736
 1.14459
 1.24463
 1.28859
 1.22781
 1.14284
 1.18168
 1.20903
 1.12911
 1.09098
 1.13894
 1.14803
 1.14269
 1.11773
 1.07644
 1.06284
 1.02724
 0.995296
 0.971394
 0.915622
 0.845338
 0.850681
 0.882652
 0.849972
 0.776404
 0.769597
 0.803478
 0.808393
 0.755912
 0.724582
 0.677254
 0.659834
 0.717384
 0.708502
 0.72827
 0.695814
 0.722683
 0.749715
 0.768244
 0.800345
 0.822184
 0.794946
 0.773494
 0.824891
 0.819801
 0.850933
 0.903715
 0.983995
 1.08069
 1.13972
 1.17664
 1.07532
 1.01309
 1.00337
 0.98847
 0.995742
 1.03611
 1.03157
 1.09332
 1.10628
 1.12529
 1.19607
 1.21713
 1.11462
 1.06408
 1.0701
 1.05181
 1.05755
 1.03887
 1.05313
 1.05827
 1.06177
 1.04744
 1.02417
 0.961096
 0.892401
 0.851534
 0.890037
 0.86117
 0.807716
 0.777739
 0.808973
 0.821181
 0.787664
 0.769993
 0.721732
 0.639482
 0.650902
 0.707858
 0.789909
 0.830688
 0.745184
 0.654874
 0.665476
 0.684486
 0.747894
 0.854495
 0.862692
 0.807726
 0.841572
 0.927712
 1.04958
 1.09781
 1.03933
 0.990888
 1.00079
 1.0307
 1.17431
 1.28696
 1.23747
 1.18685
 1.2407
 1.25591
 1.24488
 1.262
 1.2447
 1.18427
 1.17714
 1.1654
 1.16211
 1.12636
 1.06733
 1.06809
 1.04049
 0.994388
 1.0163
 0.915087
 0.821482
 0.786135
 0.791301
 0.819241
 0.766242
 0.650969
 0.602869
 0.611338
 0.65792
 0.703123
 0.662721
 0.62672
 0.60129
 0.586982
 0.621729
 0.704425
 0.738275
 0.713418
 0.716728
 0.723258
 0.729998
 0.732624
 0.7701
 0.801815
 0.842463
 0.846418
 0.877054
 0.93875
 0.948218
 0.976294
 1.00984
 1.01695
 1.03491
 1.04213
 1.05435
 1.10635
 1.18528
 1.17958
 1.20341
 1.18982
 1.05101
 0.977711
 1.03989
 1.07137
 1.06523
 0.997867
 0.927846
 0.905735
 0.932145
 0.94548
 0.930458
 0.913762
 0.824363
 0.755368
 0.774413
 0.825534
