 0.01000  2.88891E-15  2.00941E-19 -2.88891E-15 -2.03272E-19 -2.66028E-05  7.83991E-03  1.41046E-02 -1.90743E-04  2.66028E-05  7.83991E-03  3.32113E-02 -1.89687E-02 -1.41046E-02 -1.90743E-04          NaN          NaN
 0.10241  3.02648E-15  1.46837E-12  3.62694E-14  1.40729E-11  2.79241E-03  8.01681E-02 -2.79241E-03  8.01681E-02  1.44441E-01 -1.95335E-03  1.35976E-01 -9.23965E-02 -1.44441E-01 -1.95335E-03          NaN          NaN
 0.19481  9.30947E-15  5.12759E-12 -9.04396E-15 -5.02364E-12 -1.01302E-02  1.51910E-01  1.01302E-02  1.51910E-01  2.74778E-01 -3.71596E-03  2.12954E-01 -1.08623E-01 -2.74778E-01 -3.71596E-03          NaN          NaN
 0.28722  2.13336E-13  3.97514E-15 -2.13199E-13 -7.52584E-15 -2.21110E-02  2.22530E-01  2.21110E-02  2.22530E-01  4.05115E-01 -5.47856E-03  3.13965E-01 -1.60147E-01 -4.05115E-01 -5.47856E-03          NaN          NaN
 0.37963  8.87392E-13 -5.59580E-14 -8.68292E-13  1.36835E-13 -3.88653E-02  2.91480E-01  3.88653E-02  2.91480E-01  5.35452E-01 -7.24115E-03  4.14976E-01 -2.11671E-01 -5.35452E-01 -7.24115E-03          NaN          NaN
 0.47204  3.71123E-14  7.15543E-13 -1.38723E-13 -3.54203E-13 -6.06046E-02  3.58212E-01  6.06046E-02  3.58212E-01  6.65788E-01 -9.00374E-03  5.15988E-01 -2.63194E-01 -6.65788E-01 -9.00374E-03          NaN          NaN
 0.56444 -1.38365E-13  7.82393E-13  5.31304E-13 -2.01532E-13 -8.76444E-02  4.22205E-01  8.76444E-02  4.22205E-01  7.96124E-01 -1.07663E-02  6.16999E-01 -3.14718E-01 -7.96124E-01 -1.07663E-02          NaN          NaN
 0.65685  3.29781E-13  1.73658E-13  5.56784E-13  9.01114E-13 -1.20403E-01  4.83022E-01  1.20403E-01  4.83022E-01  9.26460E-01 -1.25289E-02  7.18011E-01 -3.66242E-01 -9.26460E-01 -1.25289E-02          NaN          NaN
 0.74926  4.87371E-13 -9.39947E-13 -1.48142E-13  3.08268E-13 -1.59349E-01  5.40367E-01  1.59349E-01  5.40367E-01  1.05680E+00 -1.42914E-02  8.19022E-01 -4.17766E-01 -1.05680E+00 -1.42914E-02          NaN          NaN
 0.84167  1.30068E-12 -1.28698E-12 -6.15065E-13 -5.18914E-13 -2.04919E-01  5.94081E-01  2.04919E-01  5.94081E-01  1.18713E+00 -1.60539E-02  9.20033E-01 -4.69290E-01 -1.18713E+00 -1.60539E-02          NaN          NaN
 0.93407  1.73021E-12 -1.51009E-12 -1.05743E-12 -1.07567E-12 -2.58389E-01  6.44988E-01  2.58389E-01  6.44988E-01  1.31747E+00 -1.78164E-02  1.02104E+00 -5.20814E-01 -1.31747E+00 -1.78164E-02          NaN          NaN
 1.02648  1.66548E-12 -1.14178E-12 -1.42128E-12 -1.01385E-12 -3.18595E-01  6.91484E-01  3.18595E-01  6.91484E-01  1.44780E+00 -1.95789E-02  1.12206E+00 -5.72338E-01 -1.44780E+00 -1.95789E-02          NaN          NaN
 1.11889  5.83289E-13 -4.42704E-14 -1.48625E-12 -6.90475E-13 -3.86331E-01  7.34190E-01  3.86331E-01  7.34190E-01  1.57813E+00 -2.13413E-02  1.22307E+00 -6.23862E-01 -1.57813E+00 -2.13413E-02          NaN          NaN
 1.21130 -1.53103E-12  1.41189E-12 -1.19261E-12 -2.90277E-13 -4.61726E-01  7.72986E-01  4.61726E-01  7.72986E-01  1.70847E+00 -2.31037E-02  1.32408E+00 -6.75386E-01 -1.70847E+00 -2.31037E-02          NaN          NaN
 1.30370 -3.18219E-12  3.44309E-12 -5.20837E-13  2.15115E-13 -5.44881E-01  8.07687E-01  5.44881E-01  8.07687E-01  1.83880E+00 -2.48661E-02  1.42509E+00 -7.26910E-01 -1.83880E+00 -2.48661E-02          NaN          NaN
 1.39611 -6.08641E-13  2.66090E-12  1.22476E-13  2.38220E-13 -6.35882E-01  8.38039E-01  6.35882E-01  8.38039E-01  1.96913E+00 -2.66285E-02  1.52610E+00 -7.78434E-01 -1.96913E+00 -2.66285E-02          NaN          NaN
 1.48852  2.65558E-12 -3.13909E-12  6.88340E-13 -1.87340E-13 -7.34818E-01  8.63708E-01  7.34818E-01  8.63708E-01  2.09947E+00 -2.83908E-02  1.62711E+00 -8.29959E-01 -2.09947E+00 -2.83908E-02          NaN          NaN
 1.58093  7.33619E-12 -4.21850E-12  1.15249E-12 -9.34796E-13 -8.41799E-01  8.84280E-01  8.41799E-01  8.84280E-01  2.22980E+00 -3.01531E-02  1.72812E+00 -8.81483E-01 -2.22980E+00 -3.01531E-02          NaN          NaN
 1.67333  6.71797E-12 -1.44185E-13  1.55772E-12 -1.62840E-12 -9.56963E-01  8.99252E-01  9.56963E-01  8.99252E-01  2.36013E+00 -3.19153E-02  1.82914E+00 -9.33007E-01 -2.36013E+00 -3.19153E-02          NaN          NaN
 1.76574  3.56746E-12  7.47349E-12  1.87859E-12 -1.52874E-12 -1.08049E+00  9.08020E-01  1.08049E+00  9.08020E-01  2.49046E+00 -3.36775E-02  1.93015E+00 -9.84532E-01 -2.49046E+00 -3.36775E-02          NaN          NaN
 1.85815 -1.88371E-12  1.76011E-11  1.04379E-12 -1.59178E-13 -1.21262E+00  9.09864E-01  1.21262E+00  9.09864E-01  2.62078E+00 -3.54396E-02  2.03116E+00 -1.03606E+00 -2.62078E+00 -3.54396E-02          NaN          NaN
 1.95056 -1.19032E-11  2.82855E-11 -1.78593E-13  1.20336E-12 -1.35367E+00  9.03917E-01  1.35367E+00  9.03917E-01  2.75111E+00 -3.72017E-02  2.13217E+00 -1.08758E+00 -2.75111E+00 -3.72017E-02          NaN          NaN
 2.04296 -2.11090E-11  3.68681E-11 -1.55177E-12  2.45603E-12 -1.50405E+00  8.89128E-01  1.50405E+00  8.89128E-01  2.88144E+00 -3.89637E-02  2.23318E+00 -1.13911E+00 -2.88144E+00 -3.89637E-02          NaN          NaN
 2.13537 -2.51824E-12  1.48713E-11 -5.58217E-13  2.00266E-12 -1.66433E+00  8.64198E-01  1.66433E+00  8.64198E-01  3.01177E+00 -4.07257E-02  2.33419E+00 -1.19063E+00 -3.01177E+00 -4.07257E-02          NaN          NaN
 2.22778  2.59903E-12 -1.41825E-11  2.80414E-12  1.19646E-13 -1.83530E+00  8.27483E-01  1.83530E+00  8.27483E-01  3.14209E+00 -4.24876E-02  2.43520E+00 -1.24216E+00 -3.14209E+00 -4.24876E-02          NaN          NaN
 2.32019 -4.50802E-12 -4.45591E-11  4.06195E-12 -7.16266E-13 -2.01814E+00  7.76837E-01  2.01814E+00  7.76837E-01  3.27242E+00 -4.42495E-02  2.53622E+00 -1.29368E+00 -3.27242E+00 -4.42495E-02          NaN          NaN
 2.41259 -3.41946E-11 -6.60236E-11  2.96532E-12 -4.25674E-13 -2.21467E+00  7.09340E-01  2.21467E+00  7.09340E-01  3.40274E+00 -4.60113E-02  2.63723E+00 -1.34521E+00 -3.40274E+00 -4.60113E-02          NaN          NaN
 2.50500 -6.00280E-11 -7.66195E-11 -4.99760E-13  1.00152E-12 -2.42801E+00  6.20819E-01  2.42801E+00  6.20819E-01  3.53306E+00 -4.77731E-02  2.73824E+00 -1.39673E+00 -3.53306E+00 -4.77731E-02          NaN          NaN
 2.59741 -7.04500E-11 -3.95942E-11 -5.38891E-12  3.99129E-12 -2.66430E+00  5.04970E-01  2.66430E+00  5.04970E-01  3.66338E+00 -4.95347E-02  2.83925E+00 -1.44826E+00 -3.66338E+00 -4.95347E-02          NaN          NaN
 2.68981 -6.01100E-11  3.40746E-11 -1.09471E-11  8.73933E-12 -2.93840E+00  3.52323E-01  2.93840E+00  3.52323E-01  3.79370E+00 -5.12963E-02  2.94026E+00 -1.49978E+00 -3.79370E+00 -5.12963E-02          NaN          NaN
 2.78222  1.13754E-12  2.05047E-11 -1.70826E-11  1.44950E-11 -3.29559E+00  1.61121E-01  3.29558E+00  1.61121E-01  3.92402E+00 -5.30579E-02  3.04127E+00 -1.55131E+00 -3.92402E+00 -5.30579E-02          NaN          NaN
 2.87463  9.72371E-11 -4.97024E-11 -8.38457E-12  3.76825E-12 -3.77637E+00  3.39413E-02  3.77637E+00  3.39413E-02  4.05434E+00 -5.48193E-02  3.14229E+00 -1.60284E+00 -4.05434E+00 -5.48193E-02          NaN          NaN
 2.96704 -2.48009E-12 -5.41322E-12  1.57589E-11 -2.20379E-11 -4.24734E+00  6.65353E-03  4.24734E+00  6.65353E-03  4.18465E+00 -5.65807E-02  3.24330E+00 -1.65436E+00 -4.18465E+00 -5.65807E-02          NaN          NaN
 3.05944  1.56220E-11  3.52142E-11  4.30856E-11 -6.06874E-11 -4.69183E+00  1.43867E-03  4.69183E+00  1.43867E-03  4.31497E+00 -5.83420E-02  3.34431E+00 -1.70589E+00 -4.31497E+00 -5.83420E-02          NaN          NaN
 3.15185  2.40894E-11 -3.09102E-12 -2.38488E-11 -3.03938E-11 -5.12914E+00  3.15719E-04  5.12914E+00  3.15719E-04  4.44528E+00 -6.01032E-02  3.44532E+00 -1.75742E+00 -4.44528E+00 -6.01032E-02          NaN          NaN
 3.24426  3.14845E-12 -4.57989E-11 -2.38941E-11  1.74625E-11 -5.56851E+00  6.74115E-05  5.56851E+00  6.74115E-05  4.57559E+00 -6.18644E-02  3.54633E+00 -1.80894E+00 -4.57559E+00 -6.18644E-02          NaN          NaN
 3.33667 -3.67824E-11 -8.43239E-11  1.08308E-11  1.79481E-11 -6.01448E+00  1.37279E-05  6.01448E+00  1.37279E-05  4.70590E+00 -6.36254E-02  3.64735E+00 -1.86047E+00 -4.70590E+00 -6.36254E-02          NaN          NaN
 3.42907 -9.76314E-11 -9.00653E-11  7.00466E-11 -3.82985E-11 -6.46962E+00  2.63851E-06  6.46962E+00  2.63851E-06  4.83621E+00 -6.53864E-02  3.74836E+00 -1.91200E+00 -4.83621E+00 -6.53864E-02          NaN          NaN
 3.52148 -1.13758E-11 -4.59839E-11  5.45570E-11  4.06076E-11 -6.93553E+00  4.75619E-07  6.93553E+00  4.75619E-07  4.96652E+00 -6.71473E-02  3.84937E+00 -1.96352E+00 -4.96652E+00 -6.71473E-02          NaN          NaN
 3.61389  3.62137E-11 -1.93677E-12 -2.92855E-11  1.15226E-11 -7.41336E+00  8.00616E-08  7.41336E+00  8.00616E-08  5.09682E+00 -6.89081E-02  3.95038E+00 -2.01505E+00 -5.09682E+00 -6.89081E-02          NaN          NaN
 3.70630  4.12755E-11  4.21869E-11 -2.59009E-11 -1.62246E-11 -7.90397E+00  1.25454E-08  7.90397E+00  1.25454E-08  5.22713E+00 -7.06688E-02  4.05139E+00 -2.06658E+00 -5.22713E+00 -7.06688E-02          NaN          NaN
 3.79870  9.35723E-13  4.24967E-11  5.70819E-11 -4.54833E-11 -8.40805E+00  1.82815E-09  8.40805E+00  1.82816E-09  5.35743E+00 -7.24293E-02  4.15240E+00 -2.11811E+00 -5.35743E+00 -7.24293E-02          NaN          NaN
 3.89111 -4.53530E-11 -2.88156E-13  2.94811E-11 -9.12705E-12 -8.92622E+00  2.50821E-10  8.92622E+00  2.50819E-10  5.48773E+00 -7.41898E-02  4.25342E+00 -2.16963E+00 -5.48773E+00 -7.41898E-02          NaN          NaN
 3.98352 -6.52691E-11 -8.41294E-11 -8.81865E-11  9.48077E-11 -9.45900E+00 -5.42731E-12  9.45900E+00 -5.42734E-12  5.61803E+00 -7.59502E-02  4.35443E+00 -2.22116E+00 -5.61803E+00 -7.59502E-02          NaN          NaN
 4.07593 -1.38984E-11 -1.94021E-11  1.10098E-11  1.96495E-11 -1.00069E+01 -8.34733E-11  1.00069E+01 -8.34630E-11  5.74832E+00 -7.77105E-02  4.45544E+00 -2.27269E+00 -5.74832E+00 -7.77105E-02          NaN          NaN
 4.16833  3.34822E-11  5.07621E-12 -5.58595E-11 -1.90852E-11 -1.05703E+01 -3.68026E-10  1.05703E+01 -3.68028E-10  5.87862E+00 -7.94707E-02  4.55645E+00 -2.32422E+00 -5.87862E+00 -7.94707E-02          NaN          NaN
 4.26074  2.85121E-11 -1.45715E-12 -2.43921E-11  1.78944E-11 -1.11498E+01 -1.37346E-09  1.11498E+01 -1.37346E-09  6.00891E+00 -8.12307E-02  4.65746E+00 -2.37575E+00 -6.00891E+00 -8.12307E-02          NaN          NaN
 4.35315 -4.27949E-12 -1.89663E-11 -3.05094E-12  1.64731E-11 -1.17456E+01 -4.67258E-09  1.17456E+01 -4.67258E-09  6.13920E+00 -8.29907E-02  4.75848E+00 -2.42728E+00 -6.13920E+00 -8.29907E-02          NaN          NaN
 4.44556 -5.82724E-11 -3.29467E-11  1.06060E-11 -2.08216E-11 -1.23584E+01 -1.46954E-08  1.23584E+01 -1.46954E-08  6.26949E+00 -8.47505E-02  4.85949E+00 -2.47881E+00 -6.26949E+00 -8.47505E-02          NaN          NaN
 4.53796 -5.39719E-11 -1.31250E-12  1.30511E-11 -8.30480E-11 -1.29884E+01 -4.30562E-08  1.29884E+01 -4.30562E-08  6.39978E+00 -8.65102E-02  4.96050E+00 -2.53034E+00 -6.39978E+00 -8.65102E-02          NaN          NaN
 4.63037  7.15683E-12  6.92680E-11 -9.68506E-13 -3.58687E-11 -1.36362E+01 -1.18224E-07  1.36362E+01 -1.18224E-07  6.53006E+00 -8.82698E-02  5.06151E+00 -2.58187E+00 -6.53006E+00 -8.82698E-02          NaN          NaN
 4.72278  2.07634E-11  8.74841E-12  2.52521E-11 -1.11888E-11 -1.43021E+01 -3.05789E-07  1.43021E+01 -3.05789E-07  6.66035E+00 -9.00293E-02  5.16253E+00 -2.63340E+00 -6.66035E+00 -9.00293E-02          NaN          NaN
 4.81519  4.97441E-13 -3.82224E-11  9.24980E-11  1.70019E-11 -1.49866E+01 -7.48457E-07  1.49866E+01 -7.48457E-07  6.79063E+00 -9.17886E-02  5.26354E+00 -2.68493E+00 -6.79063E+00 -9.17886E-02          NaN          NaN
 4.90759 -2.34344E-11 -5.45163E-11  3.85691E-11  1.43566E-11 -1.56902E+01 -1.74074E-06  1.56902E+01 -1.74074E-06  6.92091E+00 -9.35478E-02  5.36455E+00 -2.73646E+00 -6.92091E+00 -9.35478E-02          NaN          NaN
