 1.01744E-05
 1.46933E-05
 1.75770E-05
 1.96984E-05
 1.77553E-05
 1.83366E-05
 1.67810E-05
 1.42294E-05
 1.27024E-05
 1.66160E-05
 1.52043E-05
 1.57712E-05
 2.26979E-05
 2.59000E-05
 1.98816E-05
 1.91765E-05
 2.05543E-05
 1.85290E-05
 1.66449E-05
 2.06321E-05
 2.81744E-05
 3.79725E-05
 4.48475E-05
 5.38146E-05
 7.53292E-05
 1.12356E-04
 2.01793E-04
 3.21129E-04
 5.66407E-04
 9.12875E-04
 1.39018E-03
 1.90137E-03
 1.89080E-03
 2.11634E-03
 3.89368E-03
 5.60928E-03
 5.39196E-03
 4.60046E-03
 4.62389E-03
 5.22451E-03
 5.90838E-03
 5.65072E-03
 5.30655E-03
 4.44284E-03
 4.14706E-03
 5.06634E-03
 5.07953E-03
 3.48971E-03
 2.37720E-03
 2.71441E-03
 3.68178E-03
 4.45938E-03
 4.84559E-03
 4.14076E-03
 3.70875E-03
 3.96350E-03
 3.31433E-03
 3.17696E-03
 3.14381E-03
 3.20894E-03
 2.80147E-03
 2.59368E-03
 2.48722E-03
 2.64046E-03
 3.59096E-03
 3.38603E-03
 2.76795E-03
 2.54087E-03
 2.84090E-03
 2.86278E-03
 2.83862E-03
 2.91354E-03
 2.38789E-03
 2.16467E-03
 2.33403E-03
 2.65565E-03
 2.41729E-03
 2.98605E-03
 2.78699E-03
 2.58683E-03
 2.40986E-03
 2.38248E-03
 2.60272E-03
 2.72388E-03
 2.70098E-03
 2.55895E-03
 2.05645E-03
 2.00268E-03
 2.45011E-03
 2.50663E-03
 2.25155E-03
 2.07738E-03
 1.96756E-03
 2.12181E-03
 2.27350E-03
 2.10540E-03
 1.76376E-03
 1.88118E-03
 2.07523E-03
 1.85323E-03
 1.94953E-03
 1.96394E-03
 2.06547E-03
 1.87663E-03
 1.84550E-03
 1.81745E-03
 1.88827E-03
 1.72722E-03
 1.78381E-03
 1.78559E-03
 1.88300E-03
 1.90603E-03
 2.05174E-03
 2.04815E-03
 2.04240E-03
 2.12127E-03
 2.12973E-03
 1.84553E-03
 1.76364E-03
 2.03943E-03
 2.21776E-03
 2.05177E-03
 1.91951E-03
 1.77710E-03
 1.98686E-03
 2.13253E-03
 2.00278E-03
 1.86303E-03
 1.80022E-03
 1.85781E-03
 1.70401E-03
 1.83215E-03
 1.84804E-03
 1.79973E-03
 1.95993E-03
 1.81810E-03
 1.53455E-03
 1.70421E-03
 1.92006E-03
 1.92614E-03
 1.69719E-03
 1.66343E-03
 1.84554E-03
 1.99624E-03
 1.77799E-03
 1.67582E-03
 1.66977E-03
 1.82117E-03
 1.95196E-03
 1.80700E-03
 1.72930E-03
 1.79352E-03
 1.74132E-03
 1.73719E-03
 1.73375E-03
 1.65681E-03
 1.75707E-03
 1.85800E-03
 1.84300E-03
 1.77501E-03
 1.80270E-03
 1.80844E-03
 1.83273E-03
 1.79071E-03
 1.91139E-03
 1.98619E-03
 1.90270E-03
 1.83606E-03
 1.70274E-03
 1.76558E-03
 1.83755E-03
 1.74537E-03
 1.85811E-03
 1.80834E-03
 1.88079E-03
 1.75790E-03
 1.77805E-03
 1.79691E-03
 1.85048E-03
 1.77040E-03
 1.74142E-03
 1.83885E-03
 1.91547E-03
 1.88418E-03
 1.87098E-03
 1.69293E-03
 1.87874E-03
 1.90835E-03
 1.89025E-03
 1.69920E-03
 1.63828E-03
 1.87902E-03
 1.93248E-03
 1.94235E-03
 1.78462E-03
 1.77200E-03
 1.86528E-03
 1.82908E-03
 1.78608E-03
 1.69087E-03
 1.72854E-03
 1.86370E-03
 1.81453E-03
 1.82237E-03
 1.76270E-03
 1.73771E-03
 1.67223E-03
 1.74961E-03
 1.64096E-03
 1.83800E-03
 1.91082E-03
 1.83496E-03
 1.82329E-03
 1.67520E-03
 1.87115E-03
 1.91441E-03
 1.84256E-03
 1.70725E-03
 1.59871E-03
 1.80734E-03
 1.84846E-03
 1.78961E-03
 1.60208E-03
 1.60385E-03
 1.82972E-03
 1.78421E-03
 1.73904E-03
 1.67083E-03
 1.70811E-03
 1.71996E-03
 1.56494E-03
 1.67925E-03
 1.73876E-03
 1.71268E-03
 1.56239E-03
 1.51204E-03
 1.81647E-03
 1.81218E-03
 1.72374E-03
 1.52570E-03
 1.59252E-03
 1.78199E-03
 1.81721E-03
 1.62607E-03
 1.51056E-03
 1.62061E-03
 1.75664E-03
 1.72495E-03
 1.62073E-03
 1.59435E-03
 1.73307E-03
 1.69613E-03
 1.70754E-03
 1.62624E-03
 1.55153E-03
 1.63330E-03
 1.61588E-03
 1.64788E-03
 1.60060E-03
 1.66393E-03
 1.74325E-03
 1.78183E-03
 1.60875E-03
 1.56188E-03
 1.61665E-03
 1.71072E-03
 1.65290E-03
 1.56883E-03
 1.48316E-03
 1.66559E-03
 1.73757E-03
 1.71111E-03
 1.58949E-03
 1.60810E-03
 1.70010E-03
 1.67001E-03
 1.63962E-03
 1.56580E-03
 1.53994E-03
 1.58381E-03
 1.53750E-03
 1.63883E-03
 1.56037E-03
 1.60789E-03
 1.58027E-03
 1.56138E-03
 1.65561E-03
 1.57389E-03
 1.55447E-03
 1.55274E-03
 1.55918E-03
 1.55422E-03
 1.55819E-03
 1.61594E-03
 1.56388E-03
 1.58639E-03
 1.54626E-03
 1.59886E-03
 1.56470E-03
 1.50925E-03
 1.60657E-03
 1.52653E-03
 1.58380E-03
 1.62712E-03
 1.67084E-03
 1.57747E-03
 1.47360E-03
 1.56834E-03
 1.62689E-03
 1.64776E-03
 1.60117E-03
 1.54670E-03
 1.60067E-03
 1.58308E-03
 1.66572E-03
 1.63089E-03
 1.58930E-03
 1.54877E-03
 1.57411E-03
 1.63496E-03
 1.62148E-03
 1.64767E-03
 1.54132E-03
 1.63350E-03
 1.65254E-03
 1.61602E-03
 1.63877E-03
 1.55959E-03
 1.53545E-03
 1.56840E-03
 1.56388E-03
 1.61511E-03
 1.56623E-03
 1.56805E-03
 1.62150E-03
 1.55896E-03
 1.52070E-03
 1.57399E-03
 1.62304E-03
 1.57843E-03
 1.56596E-03
 1.55195E-03
 1.61164E-03
 1.58053E-03
 1.47047E-03
 1.48177E-03
 1.54425E-03
 1.63044E-03
 1.60194E-03
 1.54768E-03
 1.50178E-03
 1.50785E-03
 1.60261E-03
 1.57066E-03
 1.49943E-03
 1.46910E-03
 1.49172E-03
 1.53732E-03
 1.57240E-03
 1.53979E-03
 1.53092E-03
 1.44576E-03
 1.54207E-03
 1.56960E-03
 1.60652E-03
 1.51487E-03
 1.50495E-03
 1.47501E-03
 1.58216E-03
 1.61751E-03
 1.51810E-03
 1.52631E-03
 1.56589E-03
 1.57319E-03
 1.68476E-03
 1.57121E-03
 1.53885E-03
 1.47244E-03
 1.59185E-03
 1.61040E-03
 1.49956E-03
 1.53829E-03
 1.53795E-03
 1.59573E-03
 1.56658E-03
 1.55156E-03
 1.49605E-03
 1.50646E-03
 1.51357E-03
 1.50786E-03
 1.53814E-03
 1.51616E-03
 1.53780E-03
 1.51948E-03
 1.44377E-03
 1.50678E-03
 1.49902E-03
 1.52534E-03
 1.48512E-03
 1.46185E-03
 1.53070E-03
 1.53468E-03
 1.56086E-03
 1.50821E-03
 1.49744E-03
 1.50886E-03
 1.52312E-03
 1.51737E-03
 1.48302E-03
 1.49837E-03
 1.44703E-03
 1.60283E-03
 1.56951E-03
 1.54219E-03
 1.52708E-03
 1.47453E-03
 1.57185E-03
 1.55682E-03
 1.55099E-03
 1.50704E-03
 1.50992E-03
 1.55225E-03
 1.51045E-03
 1.56351E-03
 1.53896E-03
 1.49399E-03
 1.54872E-03
 1.49750E-03
 1.56645E-03
 1.53709E-03
 1.52968E-03
 1.41410E-03
 1.47895E-03
 1.50921E-03
 1.52539E-03
 1.56277E-03
 1.42275E-03
 1.45902E-03
 1.52694E-03
 1.52175E-03
 1.51475E-03
 1.44860E-03
 1.42177E-03
 1.47683E-03
 1.46773E-03
 1.47596E-03
 1.44717E-03
 1.46929E-03
 1.48453E-03
 1.49196E-03
 1.47449E-03
 1.49450E-03
 1.46640E-03
 1.47724E-03
 1.46576E-03
 1.40242E-03
 1.51089E-03
 1.48508E-03
 1.45499E-03
 1.45324E-03
 1.41096E-03
 1.51674E-03
 1.51348E-03
 1.43586E-03
 1.41818E-03
 1.41329E-03
 1.50617E-03
 1.44414E-03
 1.39576E-03
 1.43585E-03
 1.38502E-03
 1.43632E-03
 1.48581E-03
 1.50243E-03
 1.44313E-03
 1.41798E-03
 1.44869E-03
 1.45915E-03
 1.48266E-03
 1.43462E-03
 1.45882E-03
 1.42893E-03
 1.46643E-03
 1.47319E-03
 1.44330E-03
 1.43631E-03
 1.38256E-03
 1.42614E-03
 1.44084E-03
 1.35478E-03
 1.42689E-03
 1.40761E-03
 1.44090E-03
 1.41369E-03
 1.37844E-03
 1.38208E-03
 1.39409E-03
 1.44399E-03
 1.40304E-03
 1.35229E-03
 1.34780E-03
 1.42208E-03
 1.37941E-03
 1.33368E-03
 1.36076E-03
 1.35542E-03
 1.40973E-03
 1.40001E-03
 1.34800E-03
 1.35219E-03
 1.25378E-03
 1.38073E-03
