 103.0081
 103.0086
 103.0076
 103.0074
 103.0087
 103.0091
 103.0085
 103.0078
 103.0083
 103.0089
 103.0087
 103.0069
 103.0084
 103.0076
 103.0065
 103.006
 103.0002
 102.9928
 102.9784
 102.9597
 102.9251
 102.8684
 102.7693
 102.5989
 102.3168
 101.8517
 101.1012
 99.93404
 98.24659
 96.1638
 94.28814
 93.82564
 94.87608
 95.22226
 94.54499
 94.75947
 96.69543
 98.15441
 97.87991
 96.16171
 94.28445
 93.09959
 93.47956
 95.80725
 97.20992
 96.59818
 96.08916
 97.11563
 98.32948
 99.36053
 98.46947
 96.16213
 95.63057
 96.61499
 97.09416
 97.51247
 98.2308
 98.20809
 97.99698
 98.27039
 98.84825
 99.35063
 99.80684
 99.75763
 99.01992
 99.133
 99.39951
 99.12445
 98.60985
 98.85165
 99.08855
 99.81288
 100.0311
 99.55573
 99.06335
 99.48432
 100.1479
 100.435
 100.0227
 99.58176
 99.5789
 99.35563
 99.36129
 99.52599
 99.43427
 99.29581
 99.57459
 99.7984
 100.2571
 100.666
 100.6589
 100.7218
 100.7531
 100.8515
 100.7431
 100.7355
 100.7226
 100.9022
 101.3029
 101.6626
 101.7177
 101.6425
 101.7071
 101.8675
 101.6788
 101.3108
 101.3066
 101.3719
 100.9078
 100.6283
 100.834
 100.9876
 101.0201
 100.9385
 101.1647
 101.3487
 101.3327
 101.3588
 101.4069
 101.2838
 101.3332
 101.6589
 101.4338
 101.2399
 101.295
 101.1535
 101.1065
 101.3439
 101.6232
 101.6586
 101.5092
 101.5628
 101.4989
 101.6569
 101.9217
 101.9284
 101.851
 101.7718
 101.6826
 101.6127
 101.7185
 101.7684
 101.4977
 101.2598
 101.494
 101.7427
 101.7717
 101.7341
 101.7252
 101.4765
 101.3363
 101.3853
 101.5828
 101.6834
 101.6886
 101.5111
 101.4665
 101.4212
 101.3057
 101.2496
 101.442
 101.5415
 101.6781
 101.7603
 101.8242
 101.8946
 101.9822
 102.0671
 101.8886
 101.7077
 101.664
 101.7268
 101.7462
 101.6648
 101.7528
 101.8871
 101.8715
 101.7531
 101.7808
 101.8871
 101.9412
 101.9673
 102.0774
 102.054
 101.972
 102.0002
 102.0576
 102.0126
 101.9306
 101.9404
 101.9636
 101.9787
 102.0447
 102.0614
 102.0101
 102.0532
 102.0827
 101.912
 101.893
 102.1446
 102.078
 101.9017
 102.0101
 102.1216
 102.0172
 101.8431
 101.8085
 101.7964
 101.744
 101.8629
 101.9878
 101.9745
 101.897
 101.6679
 101.6425
 101.8693
 102.0026
 101.976
 101.9399
 101.9644
 101.9816
 101.9744
 101.9624
 101.9318
 102.0081
 102.0103
 102.0223
 101.8809
 101.8313
 101.8118
 101.7733
 101.8319
 101.977
 102.0553
 101.9586
 101.9117
 102.0037
 101.9542
 101.8582
 101.9085
 101.9941
 102.0356
 102.0645
 101.9827
 101.8981
 101.915
 102.0048
 102.0837
 102.0823
 102.0263
 101.9933
 101.9916
 102.0995
 102.1497
 102.1508
 102.1535
 102.1579
 102.2142
 102.2374
 102.2578
 102.2049
 102.1655
 102.2185
 102.2194
 102.2574
 102.2401
 102.2676
 102.242
 102.1656
 102.1408
 102.1802
 102.1788
 102.1204
 102.054
 102.0506
 102.0327
 101.944
 101.8608
 101.8137
 101.8063
 101.7952
 101.7403
 101.7114
 101.6962
 101.7476
 101.7524
 101.7729
 101.7837
 101.7935
 101.7833
 101.7664
 101.849
 101.9212
 101.9632
 101.9474
 101.9631
 102.0041
 102.0005
 101.9441
 102.0187
 102.1399
 102.1779
 102.2292
 102.3176
 102.3534
 102.3927
 102.4117
 102.4316
 102.3918
 102.4279
 102.4549
 102.4709
 102.485
 102.437
 102.3865
 102.4173
 102.3465
 102.1639
 102.0316
 102.0633
 102.1642
 102.2314
 102.2191
 102.126
 102.0516
 101.9889
 101.9258
 101.951
 101.9285
 101.8919
 101.8568
 101.7561
 101.7118
 101.7717
 101.857
 101.8208
 101.7901
 101.8701
 101.9105
 101.8625
 101.8529
 101.8573
 101.8838
 101.9246
 101.9379
 101.9748
 102.0059
 102.0297
 102.0844
 102.1536
 102.1503
 102.1185
 102.1507
 102.2242
 102.2314
 102.1978
 102.1919
 102.2451
 102.2768
 102.323
 102.3414
 102.2854
 102.2928
 102.2726
 102.3049
 102.2805
 102.2516
 102.2345
 102.2017
 102.1805
 102.2074
 102.2286
 102.1777
 102.1823
 102.1539
 102.1001
 102.0201
 101.9232
 101.865
 101.8263
 101.9269
 101.9899
 102.0002
 102.0144
 102.009
 101.9686
 101.971
 101.9116
 101.8979
 101.8792
 101.8077
 101.7859
 101.8882
 101.9396
 101.9328
 101.9516
 101.9464
 101.9646
 101.9517
 101.9454
 101.9427
 101.9567
 101.9808
 102.0441
 102.1108
 102.1532
 102.1154
 102.1446
 102.1972
 102.2283
 102.1967
 102.1857
 102.2166
 102.2354
 102.2828
 102.3664
 102.3558
 102.2978
 102.2155
 102.1737
 102.2591
 102.3496
 102.3412
 102.323
 102.2587
 102.1533
 102.1439
 102.1984
 102.1647
 102.0796
 101.9586
 101.911
 101.967
 102.0174
 102.0086
 101.9774
 101.8364
 101.7227
 101.7705
 101.8221
 101.7704
 101.7533
 101.7678
 101.7486
 101.7646
 101.8253
 101.8347
 101.8446
 101.848
 101.8843
 101.9428
 101.9435
 101.9688
 102.0164
 101.9924
 102.0945
 102.1874
 102.2241
 102.2185
 102.1901
 102.243
 102.3584
 102.4072
 102.398
 102.3531
 102.3079
 102.3473
 102.3835
 102.4095
 102.4228
 102.3896
 102.3059
 102.2745
 102.2982
 102.2955
 102.2895
 102.2833
 102.2803
 102.2429
 102.2101
 102.1704
 102.1649
 102.1352
 102.0721
 102.0646
 102.037
 102.0038
 101.9954
 101.9783
 101.972
 101.96
 101.9084
 101.829
 101.8349
 101.8122
 101.8236
 101.9611
 102.0372
 101.9746
 101.944
 101.9496
 102.0151
 102.088
 102.11
 102.0827
 102.0702
 102.0852
 102.1013
 102.1911
 102.2614
 102.2417
 102.1918
